1 72.0 262.0 142.0 142.0
0 176.5 309.5 121.0 107.0
0 189.0 166.0 106.0 80.0
0 238.0 170.0 106.0 80.0
0 229.5 101.0 86.0 69.0
0 337.0 323.5 107.0 92.0
0 376.5 441.0 78.0 105.0
0 411.5 441.0 78.0 105.0
0 423.5 289.5 101.0 97.0
0 505.5 241.5 101.0 97.0
0 357.0 225.5 103.0 116.0
0 507.0 433.5 93.0 98.0
0 38.0 373.5 103.0 74.0
0 34.0 127.0 128.0 66.0
0 362.5 41.0 80.0 131.0
0 548.5 288.5 101.0 97.0
0 533.5 331.5 101.0 97.0
0 521.5 388.5 101.0 97.0
0 606.0 405.5 99.0 68.0
0 582.5 77.5 141.0 115.0
0 501.5 97.0 124.0 113.0
2 368.0 114.0 46.0 42.0
2 426.0 109.0 46.0 42.0
2 322.0 46.0 46.0 42.0
0 341.0 176.0 106.0 110.0
