1 221.5 137.5 121.0 127.0
0 288.0 326.5 105.0 110.0
0 343.0 118.5 105.0 110.0
0 401.0 298.0 94.0 90.0
0 500.0 342.0 94.0 90.0
0 464.0 359.0 94.0 90.0
0 394.5 419.5 109.0 125.0
0 248.0 265.0 88.0 98.0
0 150.5 380.0 114.0 129.0
0 105.0 46.5 91.0 110.0
0 223.5 56.0 80.0 99.0
0 461.5 45.0 88.0 111.0
0 572.5 180.5 89.0 111.0
0 576.5 241.5 89.0 111.0
0 593.0 296.5 97.0 94.0
0 511.0 149.5 97.0 94.0
0 458.0 113.5 97.0 94.0
0 468.0 182.5 97.0 94.0
0 468.0 208.0 100.0 104.0
0 443.0 210.0 100.0 104.0
0 402.0 232.0 100.0 104.0
0 111.0 290.0 104.0 122.0
0 517.0 444.0 72.0 126.0
0 45.0 423.0 114.0 88.0
2 121.0 128.0 46.0 38.0
