1 330.5 203.0 112.0 105.0
2 223.5 228.0 28.0 33.0
2 274.5 277.0 28.0 33.0
2 26.0 294.0 34.0 28.0
0 97.5 166.0 128.0 131.0
0 66.5 45.5 89.0 95.0
0 48.0 70.0 90.0 94.0
0 168.0 71.0 92.0 116.0
0 256.5 46.5 91.0 115.0
0 431.0 323.0 100.0 108.0
0 461.0 429.5 101.0 90.0
0 314.0 429.5 101.0 90.0
0 443.0 226.5 99.0 102.0
0 519.0 91.5 89.0 82.0
0 596.0 48.5 95.0 88.0
0 342.0 321.5 107.0 104.0
0 284.0 351.5 107.0 104.0
0 193.5 368.5 101.0 109.0
0 344.0 96.5 91.0 96.0
0 419.0 120.5 91.0 96.0
0 492.5 23.0 44.0 107.0
