1 391.5 83.5 165.0 179.0
0 237.0 148.5 97.0 140.0
0 264.5 32.5 63.0 109.0
0 600.0 128.5 109.0 78.0
0 180.0 75.5 99.0 100.0
0 119.0 233.0 88.0 90.0
0 349.0 206.0 88.0 90.0
0 408.0 207.0 88.0 90.0
0 455.0 196.0 88.0 90.0
0 475.0 175.0 88.0 90.0
0 528.0 153.0 88.0 90.0
0 586.0 320.0 88.0 90.0
0 606.0 234.0 106.0 68.0
0 330.5 452.0 56.0 89.0
0 364.5 282.5 85.0 113.0
0 233.5 384.0 78.0 89.0
0 45.0 276.5 127.0 88.0
0 124.5 385.5 123.0 115.0
0 74.0 106.5 123.0 114.0
0 67.5 43.5 85.0 93.0
0 288.0 233.0 88.0 90.0
0 286.0 303.0 88.0 90.0
