1 258.5 355.0 140.0 151.0
0 213.0 217.0 124.0 106.0
0 53.0 91.0 124.0 104.0
0 142.5 159.0 112.0 107.0
0 94.0 224.0 112.0 106.0
0 135.5 290.0 112.0 107.0
0 85.0 316.0 112.0 106.0
0 51.5 394.5 99.0 101.0
0 343.5 440.5 79.0 103.0
0 434.0 369.0 100.0 106.0
0 495.0 365.5 107.0 78.0
0 536.0 341.5 129.0 116.0
0 603.5 298.0 110.0 73.0
0 599.5 434.5 91.0 81.0
0 555.5 141.0 88.0 103.0
0 453.5 145.0 124.0 159.0
0 356.5 44.5 87.0 103.0
0 294.5 190.0 88.0 103.0
0 367.5 280.0 88.0 103.0
2 164.0 359.5 45.0 36.0
2 126.0 374.5 45.0 36.0
2 189.0 435.5 45.0 36.0
0 142.0 39.0 76.0 118.0
