1 481.0 361.0 118.0 120.0
0 239.0 166.0 118.0 104.0
0 323.5 134.5 91.0 103.0
0 302.5 220.5 91.0 103.0
0 319.5 244.5 91.0 103.0
0 582.5 191.0 122.0 107.0
0 596.5 243.5 105.0 87.0
0 522.5 267.5 105.0 87.0
0 491.5 238.5 105.0 87.0
0 453.5 229.5 105.0 87.0
0 405.5 208.5 105.0 87.0
0 563.5 85.5 105.0 87.0
0 522.5 78.5 105.0 87.0
0 432.5 67.5 105.0 87.0
0 139.5 426.5 89.0 87.0
0 57.5 364.5 89.0 87.0
0 60.5 120.5 89.0 87.0
0 64.5 187.0 102.0 101.0
0 87.5 222.0 102.0 101.0
0 97.5 43.0 76.0 99.0
0 162.5 51.0 76.0 99.0
0 175.5 69.0 76.0 99.0
0 591.5 387.5 105.0 97.0
0 377.5 458.0 44.0 93.0
0 235.5 358.0 106.0 113.0
0 201.5 294.0 106.0 113.0
0 151.5 277.0 106.0 113.0
2 153.0 134.0 46.0 42.0
2 380.5 82.0 38.0 33.0
0 51.5 297.5 99.0 101.0
