1 382.5 46.5 91.0 141.0
2 73.0 259.0 44.0 52.0
0 406.5 201.0 116.0 133.0
0 301.5 181.0 104.0 113.0
0 297.5 81.0 104.0 113.0
0 194.5 346.0 104.0 113.0
0 117.5 365.0 104.0 113.0
0 209.5 435.5 89.0 105.0
0 266.5 448.5 63.0 97.0
0 55.0 448.5 63.0 108.0
0 565.0 135.5 91.0 88.0
0 523.0 154.5 91.0 88.0
0 507.0 217.5 91.0 88.0
0 543.0 234.5 91.0 88.0
0 563.0 254.5 91.0 88.0
0 586.0 288.0 98.0 108.0
0 554.0 439.0 82.0 138.0
0 159.5 71.0 98.0 107.0
0 43.0 136.0 106.0 84.0
0 59.5 46.0 90.0 105.0
0 271.0 333.5 99.0 114.0
0 376.5 339.5 87.0 77.0
0 372.5 392.5 87.0 77.0
0 323.0 433.5 93.0 108.0
