0 535.0 170.5 121.0 122.0
0 483.0 320.5 123.0 108.0
0 167.5 193.0 104.0 93.0
0 341.5 77.0 104.0 93.0
0 521.5 51.5 101.0 101.0
0 51.0 336.0 102.0 100.0
0 213.5 287.0 102.0 101.0
0 157.5 362.0 98.0 113.0
0 269.5 370.0 98.0 113.0
0 591.5 336.0 100.0 97.0
0 446.5 109.0 100.0 97.0
0 152.0 424.0 74.0 92.0
0 65.5 70.0 100.0 127.0
0 248.0 164.5 133.0 70.0
0 398.0 408.5 103.0 102.0
0 67.0 225.5 103.0 102.0
0 589.5 441.0 78.0 101.0
2 464.5 452.5 53.0 55.0
2 319.5 411.5 23.0 35.0
1 356.0 246.5 217.0 242.0
