0 329.5 168.5 107.0 113.0
0 112.5 156.5 107.0 113.0
0 466.0 106.0 128.0 104.0
0 588.0 138.0 128.0 104.0
0 526.0 257.0 128.0 104.0
0 518.0 401.0 128.0 104.0
0 472.0 416.0 128.0 104.0
0 264.5 227.5 107.0 99.0
0 429.5 234.5 107.0 99.0
0 50.0 117.5 107.0 98.0
0 384.0 44.0 86.0 120.0
0 226.0 35.5 69.0 128.0
0 216.5 217.5 105.0 87.0
0 182.5 243.5 105.0 87.0
0 146.5 263.5 105.0 87.0
0 72.5 283.5 105.0 87.0
2 188.5 82.5 35.0 37.0
2 24.5 418.5 35.0 37.0
2 142.5 322.5 35.0 37.0
1 335.5 384.0 192.0 211.0
0 193.5 360.5 125.0 85.0
0 118.5 58.0 78.0 111.0
