1 198.5 208.0 130.0 143.0
1 362.0 422.0 116.0 150.0
0 205.0 431.5 97.0 104.0
0 99.0 406.5 97.0 104.0
0 135.0 369.5 97.0 104.0
0 384.0 201.5 97.0 104.0
0 454.5 278.5 101.0 119.0
0 575.5 438.0 84.0 111.0
0 598.0 361.5 85.0 84.0
0 576.0 298.0 88.0 108.0
0 566.0 234.0 88.0 108.0
0 587.0 119.5 123.0 106.0
0 523.0 36.0 70.0 140.0
2 269.5 403.5 45.0 57.0
2 129.0 268.0 42.0 38.0
2 362.0 129.0 42.0 38.0
2 428.0 109.0 42.0 38.0
0 353.0 259.5 97.0 104.0
0 303.0 312.5 97.0 104.0
0 84.0 49.5 97.0 114.0
0 46.0 112.5 95.0 90.0
0 102.5 109.5 95.0 91.0
0 47.5 308.0 124.0 93.0
0 450.0 231.0 76.0 86.0
