0 374.0 286.5 103.0 96.0
0 221.0 323.5 103.0 96.0
0 271.0 324.5 103.0 96.0
0 292.0 410.5 99.0 104.0
0 133.0 385.5 99.0 104.0
0 52.0 393.5 99.0 102.0
0 397.0 439.0 82.0 96.0
0 434.0 427.0 82.0 96.0
0 458.0 401.0 82.0 96.0
0 499.0 380.0 82.0 96.0
0 523.0 360.0 82.0 96.0
0 543.0 345.0 82.0 96.0
0 485.0 242.0 82.0 96.0
0 518.0 250.0 82.0 96.0
0 554.0 263.0 82.0 96.0
0 439.5 142.0 104.0 99.0
0 50.0 161.0 104.0 98.0
0 130.0 121.0 104.0 100.0
0 226.5 143.5 81.0 85.0
0 385.5 53.5 81.0 85.0
0 597.5 179.5 81.0 85.0
1 562.0 82.5 123.0 142.0
0 278.0 234.5 103.0 96.0
0 210.0 92.5 103.0 96.0
2 188.5 27.0 28.0 31.0
