1 474.0 365.5 123.0 118.0
0 205.0 422.0 66.0 100.0
0 145.0 437.5 77.0 98.0
0 51.0 310.5 99.0 80.0
0 59.0 361.5 99.0 80.0
0 54.0 126.5 99.0 80.0
0 72.0 192.5 101.0 100.0
0 100.5 244.5 101.0 79.0
0 132.5 274.5 101.0 79.0
0 156.5 283.5 101.0 79.0
0 218.0 288.0 104.0 94.0
0 312.0 238.0 104.0 94.0
0 240.0 174.0 124.0 108.0
2 157.0 136.5 39.0 34.0
2 390.0 81.5 39.0 34.0
0 327.0 135.0 82.0 92.0
0 561.0 82.0 82.0 92.0
0 518.5 76.5 123.0 93.0
0 591.0 189.5 123.0 94.0
0 601.0 252.5 93.0 78.0
0 521.5 276.0 94.0 93.0
0 485.5 238.0 94.0 93.0
0 438.5 225.0 94.0 93.0
0 593.5 379.0 94.0 93.0
0 593.5 433.0 94.0 93.0
0 534.5 433.0 94.0 93.0
0 183.5 62.0 94.0 93.0
0 431.5 77.0 94.0 93.0
