1 149.5 247.0 136.0 149.0
2 467.5 300.0 34.0 55.0
0 299.5 142.5 113.0 117.0
0 252.5 95.0 94.0 81.0
0 413.5 185.5 85.0 99.0
0 484.5 182.5 91.0 121.0
0 287.5 246.5 107.0 121.0
0 267.5 318.5 107.0 121.0
0 199.5 373.5 107.0 121.0
0 316.5 418.5 107.0 121.0
0 450.5 409.5 107.0 121.0
0 565.0 153.0 86.0 118.0
0 577.5 102.5 91.0 121.0
0 473.5 57.5 99.0 105.0
0 135.0 84.0 122.0 130.0
0 74.0 128.0 116.0 110.0
0 44.0 189.5 123.0 86.0
0 40.0 256.0 124.0 78.0
0 38.0 315.0 102.0 74.0
0 38.0 361.0 102.0 74.0
0 64.5 407.0 104.0 81.0
0 57.0 451.5 57.0 92.0
0 253.5 26.0 50.0 93.0
0 320.0 37.5 73.0 90.0
