1 342.5 80.5 159.0 175.0
0 270.0 224.5 95.0 92.0
0 379.5 340.5 101.0 103.0
0 254.5 358.5 101.0 103.0
0 54.0 342.5 123.0 106.0
0 196.5 179.5 123.0 107.0
0 35.5 157.5 119.0 69.0
0 41.5 228.5 87.0 81.0
0 130.0 286.5 87.0 82.0
0 187.5 444.5 71.0 117.0
0 217.5 271.5 101.0 103.0
0 169.5 34.5 67.0 101.0
0 232.0 30.5 59.0 80.0
0 439.0 216.5 99.0 104.0
0 473.0 231.0 72.0 64.0
0 596.0 233.0 104.0 86.0
0 577.0 280.0 104.0 86.0
0 596.0 421.0 118.0 86.0
0 596.5 52.5 103.0 87.0
0 522.5 124.0 132.0 121.0
0 443.0 128.0 106.0 116.0
0 327.0 389.0 122.0 122.0
