2 448.5 212.5 47.0 59.0
1 413.5 405.5 83.0 123.0
0 279.5 152.5 107.0 107.0
0 457.5 78.5 107.0 107.0
0 564.5 91.5 107.0 107.0
0 510.5 259.5 107.0 107.0
0 531.5 423.5 107.0 107.0
0 340.5 291.5 107.0 107.0
2 389.0 358.5 31.0 34.0
0 93.5 330.5 107.0 107.0
0 40.0 328.0 102.0 78.0
0 133.5 219.5 107.0 107.0
0 196.5 298.5 107.0 107.0
0 197.5 419.5 107.0 107.0
0 195.5 417.5 107.0 107.0
0 162.5 94.5 107.0 107.0
0 513.5 112.5 107.0 107.0
0 605.0 306.5 101.0 70.0
0 115.0 431.5 97.0 108.0
0 53.5 181.5 107.0 105.0
0 94.5 48.0 94.0 109.0
0 219.5 48.0 94.0 109.0
2 97.5 144.5 33.0 35.0
